0.06882500000000001 0.01772371951835064
0.0119 0.003166094588819782
0.006225 0.0023217316891967145
0.01676666666666666 0.003950442353400177
0.0005 0.0001502701564325014
0.1041415404040404 0.04693752114887607
0.011062500000000001 0.003052479988568879
0.014875000000000005 0.0025127144256902687
0.0015666666666666667 0.0004213392720897574
0.0006125000000000001 0.00036987911306175477
0.01122 0.0049924438969477375
0.0065291666666666675 0.0011952594601603497
0.007966666666666667 0.0006449258286672626
0.003266666666666667 0.0009463979957080634
0.010100000000000003 0.0018305508385821371
0.022506944444444447 0.00859274867781468
0 0.0
0.0211 0.005736194791379033
0.016633333333333337 0.004594523596178655
0.005266666666666666 0.0012553843723283988
0.015299999999999998 0.005815443880198484
0.0033 0.0009052012359168391
0.002033333333333333 0.0005699267421210599
0.01185 0.002376719345173605
0.029466666666666665 0.006998141559602457
0.0025999999999999994 0.0007771107038420039
0.012766666666666662 0.00943169766862438
0.005562499999999998 0.004029593104556925
0.006933333333333335 0.002215848586427207
0.005733333333333332 0.001419648989899986
0.03041666666666667 0.016078840552702436
0.022399999999999996 0.0045056212843270875
0.225929292929293 0.21573112653303383
0.0056 0.0014278953151607475
0.007933333333333334 0.0018699608492724782
0.04669999999999996 0.03267820315305242
0.021001190476190475 0.005179973786714217
0.012499999999999997 0.0024183679135051255
0.0022333333333333333 0.0006108588274075866
0.024883333333333327 0.005236310413956744
0.017229166666666667 0.008290236919406568
0.002666666666666667 0.0006380367083572961
0.027822222222222193 0.014945029315036579
0.0033125000000000042 0.0022640506569266776
0.19005174242424253 0.1495219407884568
0.009288888888888892 0.00741304265377707
0.015600000000000004 0.003669633116325818
0.005844444444444444 0.002234454932043703
0.0443 0.007291399064291973
0.0069 0.0018806707358586525
0.01381666666666667 0.004263545837368348
0.009266666666666666 0.0017071380402054605
0.010325000000000003 0.006906692259153215
0.018133333333333338 0.002214710639024914
0.007599999999999999 0.001863062116757365
0.00885555555555555 0.005135666399635741
0.012558333333333345 0.00415647151083198
0.00345 0.0023812777011620653
0.011293181818181817 0.008093038335769007
0.06006666666666675 0.016081594489060148
0.04449583333333341 0.013416620295615547
0.0114125 0.00297985422460165
0.006433333333333334 0.0016028768224830255
0.015033333333333333 0.003668241209219723
0.020600000000000004 0.004263484085433149
0.02586666666666667 0.007715938187121057
0.00215 0.0015723883265545975
0.019812499999999997 0.0035539838165729435
0.012666666666666668 0.0033150831586778815
0.02886666666666668 0.0026401133817893193
0.03964999999999999 0.009546953237689976
0.02670416666666666 0.006254192646914853
0.11117563131313132 0.003912237325428425
0.004270833333333333 0.001406489885011291
0.2692616161616162 0.2092017954496665
0.027299999999999994 0.006350136694819756
0.026777777777777775 0.018563872625407842
0.009379166666666666 0.001758879349133604
0.014647222222222225 0.011005501526331927
0.017725000000000005 0.004978075370527278
0.046266666666666664 0.011469819794742991
0.13808750000000003 0.02241672065923258
0.16692840909090903 0.15478843188096264
0.09838068181818181 0.08382846386736117
0.0502250000000001 0.0344180165085511
0.03927186868686869 0.020875052225878814
0.04322550505050508 0.03506238679889269
0.0073999999999999995 0.0015418753045044278
0.03350416666666667 0.018290674729852522
0.016850000000000004 0.01218642902049786
0.016775 0.007956055851056564
0.007975000000000001 0.003866583183579118
0.047321428571428584 0.024096985005380128
0.0031000000000000008 0.000857136472034151
0.09307083333333332 0.036426745839113664
0.02280833333333329 0.003689038665835114
0.027033333333333333 0.0046200121688264656
0.013266666666666666 0.0024238145066249593
0.005651136363636364 0.005473983026916514
0.0137125 0.009196629686287568
