0.06882500000000001
0.0119
0.009858333333333332
0.01676666666666666
0.0005
0.11442626262626264
0.011062500000000001
0.014875000000000005
0.0015666666666666667
0.0006125000000000001
0.01122
0.0065291666666666675
0.007966666666666667
0.003266666666666667
0.010100000000000003
0.022506944444444447
0
0.0211
0.016633333333333337
0.005266666666666666
0.0217125
0.0033
0.002033333333333333
0.01185
0.029466666666666665
0.0025999999999999994
0.012766666666666662
0.005562499999999998
0.006933333333333335
0.005733333333333332
0.03041666666666667
0.022900000000000004
0.25182588383838383
0.0056
0.007933333333333334
0.04669999999999996
0.021001190476190475
0.012499999999999997
0.0022333333333333333
0.024883333333333327
0.017229166666666667
0.002666666666666667
0.027822222222222193
0.0033125000000000042
0.19005174242424253
0.024544444444444445
0.015600000000000004
0.005844444444444444
0.0443
0.0069
0.01381666666666667
0.009266666666666666
0.010325000000000003
0.018133333333333338
0.007599999999999999
0.00885555555555555
0.012558333333333345
0.00345
0.01200239898989899
0.06006666666666675
0.04449583333333341
0.0114125
0.006433333333333334
0.015033333333333333
0.02083333333333334
0.02586666666666667
0.00215
0.022045833333333327
0.013570833333333336
0.02886666666666668
0.03964999999999999
0.030904166666666653
0.12456085858585862
0.004270833333333333
0.2692616161616162
0.030708333333333327
0.026777777777777775
0.009379166666666666
0.01485416666666667
0.017725000000000005
0.046266666666666664
0.13808750000000003
0.16692840909090903
0.09838068181818181
0.23695138888888878
0.03979159090909091
0.04322550505050508
0.0073999999999999995
0.03350416666666667
0.027991666666666675
0.017737500000000003
0.007975000000000001
0.05467380952380955
0.005366666666666666
0.10590833333333337
0.02280833333333329
0.027033333333333333
0.013500000000000002
0.005651136363636364
0.0137125
